06 buyer              000102.00
00                    000000000
06 buyer              000102.00
00                    000000000
03 ball                seller          003 020.00
00                    000000000
06 buyer              000102.00
00                    000000000
06 buyer              000102.00
00                    000000000
06 buyer              000102.00
00                    000000000
06 buyer              000102.00
00                    000000000
06 buyer              000102.00
00                    000000000
06 buyer              000102.00
00                    000000000
06 buyer              000102.00
00                    000000000
06 buyer              000102.00
00                    000000000
06 buyer              000102.00
00                    000000000
06 buyer              000102.00
00                    000000000
06 buyer              000102.00
00                    000000000
06 buyer              000102.00
00                    000000000
06 buyer              000102.00
00                    000000000
06 buyer              000102.00
00                    000000000
06 buyer              000102.00
00                    000000000
06 buyer              000102.00
00                    000000000
06 buyer              000102.00
00                    000000000
